-0.05 -2.71424 3.5021 -2.81929 0.105048 -7.5e-09 2.5e-09 3.7081 -0.206006 3.33067e-16 -1.11022e-16
-0.1 -2.60919 3.29609 -2.71424 0.105048 1e-08 -3.33333e-09 3.5021 -0.206006 -8e-09 2.66667e-09
-0.15 -2.50414 3.09009 -2.60919 0.105048 -1.07143e-08 3.57143e-09 3.29609 -0.206006 1.01786e-08 -3.39286e-09
-0.2 -2.3991 2.88408 -2.50414 0.105048 1.09091e-08 -3.63636e-09 3.09009 -0.206006 -2.72727e-09 9.09091e-10
-0.25 -2.29405 2.67808 -2.3991 0.105048 -2.92308e-09 9.74359e-10 2.88408 -0.206006 7.30769e-10 -2.4359e-10
-0.3 -2.189 2.47207 -2.29405 0.105048 -7.25524e-09 2.41841e-09 2.67808 -0.206006 -8.23428e-09 2.74476e-09
-0.35 -2.08395 2.26606 -2.189 0.105048 9.98251e-09 -3.3275e-09 2.47207 -0.206006 1.02448e-08 -3.41495e-09
-0.4 -1.9789 2.06006 -2.08395 0.105048 -1.07133e-08 3.57109e-09 2.26606 -0.206006 -2.7451e-09 9.15033e-10
-0.45 -1.87386 1.85405 -1.9789 0.105048 1.09091e-08 -3.63636e-09 2.06006 -0.206006 7.35547e-10 -2.45182e-10
-0.5 -1.76881 1.64805 -1.87386 0.105048 -2.92308e-09 9.74361e-10 1.85405 -0.206006 -1.97089e-10 6.56964e-11
-0.55 -1.66376 1.44204 -1.76881 0.105048 -7.25524e-09 2.41841e-09 1.64805 -0.206006 -7.98567e-09 2.66189e-09
-0.6 -1.55871 1.23603 -1.66376 0.105048 9.98251e-09 -3.3275e-09 1.44204 -0.206006 1.01782e-08 -3.39274e-09
-0.65 -1.45366 1.03003 -1.55871 0.105048 -1.07133e-08 3.57109e-09 1.23603 -0.206006 -2.72725e-09 9.09083e-10
-0.7 -1.34862 0.824023 -1.45366 0.105048 1.09091e-08 -3.63636e-09 1.03003 -0.206006 7.30764e-10 -2.43588e-10
-0.75 -1.24357 0.618017 -1.34862 0.105048 -1.09616e-08 3.65385e-09 0.824023 -0.206006 -1.95808e-10 6.52692e-11
-0.8 -1.13852 0.412012 -1.24357 0.105048 1.09756e-08 -3.65854e-09 0.618017 -0.206006 -7.98601e-09 2.662e-09
-0.85 -1.03347 0.206006 -1.13852 0.105048 -2.94091e-09 9.80302e-10 0.412012 -0.206006 1.01783e-08 -3.39277e-09
-0.9 -0.928425 0 -1.03347 0.105048 -7.25046e-09 2.41682e-09 0.206006 -0.206006 -2.72727e-09 9.09091e-10
