sol
1.9891
-4.105081877240901e-03  1.978409170187833e-03  1.290111132733092e-05
-1.445592187331259e-06 -6.064445464133743e-06  3.699198022740082e-08
mercurio
0.0000003302
3.459183458461847e-01  1.944129924245971e-02 -3.067788893869196e-02
-6.836246212476109e-03  2.935322780902037e-02  3.025941093567416e-03
venus
0.0000048685
-7.193735272061824e-01  6.976943376197557e-02  4.222066326022796e-02
-2.022443760512688e-03 -2.023229631152270e-02 -1.603288560381738e-04
tierra
0.0000059736
-1.587665961471378e-01 -1.001671092126720e+00  3.608338225037661e-05
1.672977908729383e-02 -2.691849780609774e-03  6.915581826455344e-07
luna
0.00000007349
-1.583819001945501e-01 -9.992168857249351e-01  1.168265199624828e-04
1.612339928403689e-02 -2.619889105194253e-03 -5.247723124779323e-05
marte
0.00000064185
-1.625227000645253e+00 -2.413082017104761e-01  3.472204920443486e-02
2.597133012574175e-03 -1.265068522089508e-02 -3.287276593416478e-04
jupiter
0.00189813
4.874702122969367e+00 -9.446402314297561e-01 -1.052352883388339e-01
1.342932329189512e-03  7.767471350364755e-03 -6.234688480018855e-05
saturno
0.000568319
-9.498170422380891e+00 -6.461432978887803e-01  3.892049090022645e-01
7.929185998008661e-05 -5.577550744310300e-03  9.367420827617774e-05
urano
0.0000868103
2.006720135417565e+01 -9.218328646294905e-01 -2.634083313930834e-01
1.516745168636853e-04  3.745591185838411e-03  1.197119595639399e-05
neptuno
0.00010241
2.509346061177088e+01 -1.646769523218183e+01 -2.391755236190521e-01
1.701065175795802e-03  2.642908027095136e-03 -9.337490881746542e-05
pluton
0.00000001314
2.142453121751550e+00 -3.165274320492839e+01  2.767294977064460e+00
3.183345977129346e-03 -4.069421774484764e-04 -8.861442574970950e-04
