sol
1.9891
-4.042895106228434e-03 2.209532530800580e-03 1.136425407067405e-05
-1.786236608923230e-06 -5.959144368171789e-06 4.287462284225408e-08
mercurio
0.0000003302
-2.563687782457914E-01 -3.810998677594219E-01 -8.153193298845162E-03
1.781451838572982E-02 -1.414097937982711E-02 -2.789632381177015E-03
venus
0.0000048685
-2.745105890947935E-01 6.675955871621595E-01 2.473298509458710E-02
-1.880800003531344E-02 -7.736184882354628E-03 9.795183384655537E-04
tierra
0.0000059736
-7.262551982062518e-01 -7.016177342125620e-01 2.942601923402196e-05
1.172032570433690e-02 -1.239499064419012e-02 -2.875393960566639e-07
