sol
1.9891
  -4.105081877240901E-03  1.978409170187833E-03  1.290111132733092E-05
  -1.445592187331259E-06 -6.064445464133743E-06  3.699198022740082E-08
mercurio
0.0000003302
   3.459183458461847E-01  1.944129924245971E-02 -3.067788893869196E-02
  -6.836246212476109E-03  2.935322780902037E-02  3.025941093567416E-03
venus
0.0000048685
  -7.193735272061824E-01  6.976943376197557E-02  4.222066326022796E-02
  -2.022443760512688E-03 -2.023229631152270E-02 -1.603288560381738E-04
tierra
0.0000059736
  -1.587665961471378E-01 -1.001671092126720E+00  3.608338225037661E-05
   1.672977908729383E-02 -2.691849780609774E-03  6.915581826455344E-07
luna
0.00000007349
  -1.583819001945501E-01 -9.992168857249351E-01  1.168265199624828E-04
   1.612339928403689E-02 -2.619889105194253E-03 -5.247723124779323E-05
marte
0.00000064185
  -1.625227000645253E+00 -2.413082017104761E-01  3.472204920443486E-02
   2.597133012574175E-03 -1.265068522089508E-02 -3.287276593416478E-04
jupiter
0.00189813
   4.874702122969367E+00 -9.446402314297561E-01 -1.052352883388339E-01
   1.342932329189512E-03  7.767471350364755E-03 -6.234688480018855E-05
saturno
0.000568319
  -9.498170422380891E+00 -6.461432978887803E-01  3.892049090022645E-01
   7.929185998008661E-05 -5.577550744310300E-03  9.367420827617774E-05
urano
0.0000868103
   2.006720135417565E+01 -9.218328646294905E-01 -2.634083313930834E-01
   1.516745168636853E-04  3.745591185838411E-03  1.197119595639399E-05
neptuno
0.00010241
   2.509346061177088E+01 -1.646769523218183E+01 -2.391755236190521E-01
   1.701065175795802E-03  2.642908027095136E-03 -9.337490881746542E-05
pluton
0.00000001314
   2.142453121751550E+00 -3.165274320492839E+01  2.767294977064460E+00
   3.183345977129346E-03 -4.069421774484764E-04 -8.861442574970950E-04
