sol
1.9891
-4.042895106228434e-03 2.209532530800580e-03 1.136425407067405e-05
-1.786236608923230e-06 -5.959144368171789e-06 4.287462284225408e-08
mercurio
0.0000003302
-2.563687782457914E-01 -3.810998677594219E-01 -8.153193298845162E-03
1.781451838572982E-02 -1.414097937982711E-02 -2.789632381177015E-03
venus
0.0000048685
-2.745105890947935E-01 6.675955871621595E-01 2.473298509458710E-02
-1.880800003531344E-02 -7.736184882354628E-03 9.795183384655537E-04
tierra
0.0000059736
-7.262551982062518e-01 -7.016177342125620e-01 2.942601923402196e-05
1.172032570433690e-02 -1.239499064419012e-02 -2.875393960566639e-07
luna
0.00000007349
-7.248557601516714E-01 -7.039097848869444E-01 1.029051462977911E-04
1.220576787081027E-02 -1.211595432894550E-02 4.775108508860639E-05
marte
0.00000064185
-1.644799113455717E+00 2.491823732968801E-01 4.547552485947825E-02
-1.562104985945559E-03 -1.264976840237743E-02 -2.265804582138816E-04
jupiter
0.00189813
4.814383212086098E+00 -1.241505788193773E+00 -1.026521185883739E-01
1.791829827597031E-03 7.666882051378563E-03 -7.193518744890309E-05
saturno
0.000568319
-9.498834472404264E+00 -4.314789953129710E-01 3.854986365834464E-01
-4.474247412442582E-05 -5.585253179574848E-03 9.894753356331143E-05
urano
0.0000868103
2.006082145944713E+01 -1.065854769947036E+00 -2.638606790060225E-01
1.799636000766446E-04 3.744193468414364E-03 1.172307940858780E-05
neptuno
0.00010241
2.502782007663963E+01 -1.656920556977117E+01 -2.355717002525958E-01
1.712539920668144E-03 2.636211613138070E-03 -9.391170566983233E-05
pluton
0.00000001314
2.019772677347968E+00 -3.163728071405687E+01 2.801128087784796E+00
3.185164506154487E-03 -4.178107880823737E-04 -8.865662135620683E-04
